11111111111111111111111111111111111111111111111111111111111111111111111111111111111111111111111111111111111111111111
11111111111111111111111111111111111111111111177399888888889777711111111111111111111111111111111111111111111111111111
11111111111111111111111111111111111111117988888888888888888888888888888889777111111111111111111111111111111111111111
11111111111111111111111111111111111773888888888888888888888888888888888888888887111111111111111111111111111111111111
11111111111111111111111111111117779888888888888888888888888888888888888888888888871111111111111111111111111111111111
11111111111111111111111111177388888888888888888888888888888888888888888888888888883111111111111111111111111111111111
11111111111111111111111773888888888888888888888888888888888888888888888888888888888971111111111111111111111111111111
11111111111111111111173888888888888888888888888888888888888888888888888888888888888887111111111111111111111111111111
11111111111111111177388888888888888888888888888888888888888888888888899988888888888888771111111111111111111111111111
11111111111111117788888888888888888888888888888888888888888888888888888888888888888888897111111111111111111111111111
11111111111117788888888888888888888888888888888888898888888888888888888888888888888888889711111111111111111111111111
11111111111788888888888888888888888888888888888888888888888888888888888888888888888888888711111111111111111111111111
11111111788888888888888888888888888888888888888888888888888888888888888888888888888888888877111111111111111111111111
11111178888888888888888888888888888888888888888888888888888888888888888888888888888888888888711111111111111111111111
11111788888888888888888888888888888888888888888888888888888888888888898899888888888888888888837111111111111111111111
11111788888888888888888888888888888888888888888888888888889377777777777777733399999333399998888937111111111111111111
11111788888888888888888888888888888888888888888888888837777777777777777777777333333399999399999883771111111111111111
11111788888888888888888888888888888888888888888888337777777777777777777777777777777773333339988333333371111111111111
11111188888888888888888888888888888888888888888833777777777777777777777777777777777777733999333999333337111111111111
11111177888888888888888888888888888888888888893373377777777777777777777777777777777777773999999993333333111111111111
11111111178888888888888888888888888888888889333777777777777777777777777777777777777777777339988899333333711111111111
11111111111173888888888888888888888888888333337777777777777777777777777777777777777777777333399888333333711111111111
11111111111111177888888888888888888888833333333777777777777777777777777777777777777777773333333888998333111111111111
11111111111111111173888888888888888889333333333777777777777777777777777777777777777777773333333888939337111111111111
11111111111111111117888888888888888933333993337777777777777777777777777777777777777777773333333888833331111111111111
11111111111111111117388888888888899333339993333733333337777777777777777733377777777777777333339888933311111111111111
11111111111111111111788888888888999933333333339999999999889998993333333333333333333337773393333988333711111111111111
11111111111111111177788888888888899333333333333339399988888888888899933333933999999989988999339899937111111111111111
11111111111111111777788888888888933333333333333339999888889999888888899933998888888888888899939899331111111111111111
11111111111111111773338899888888993333333333339993993333333998988888833333388888888933339999399933711111111111111111
11111111111111117773339999989888993333333333399933998888888888999888937773888888888888888399399933331111111111111111
11111111111111111177339933999988393333333333339399888988889338883333337779888893888838888999999899333111111111111111
11111111111111111773333933399889889333333333333777333333333333337777777777398937333339999999993933333711111111111111
11111111111111111773333333399939999993333333337777777777773333337777777777799933333339933999999999933371111111111111
11111111111111111777733333399999999993333337777777777733333333777777777777739933333333333339999893333771111111111111
11111111111111111117733333333339999933333377777777777777777777777777777777773333333333333339999889937711111111111111
11111111111111111111117333399333933333333333777777777777777777333333777777773333377777333999998889377111111111111111
11111111111111111111111777339993333339933333373777777777777773999933377777773989377777773999999933331111111111111111
11111111111111111111111177733333333333999333333377777777777333337777777777777339977777733333983933711111111111111111
11111111111111111111111111733333333333333939333333777777733337333993777777777988833377733333889333711111111111111111
11111111111111111111111177799337339933333339933333333333337777779888889333339888833333333999889333311111111111111111
11111111111111111111111173339933338893333333393333333333337777777777738888888888833333399999999933711111111111111111
11111111111111111111111733733373998889333333333333333333337777777777333999888889933339339993339333711111111111111111
11111111111111111111117777777737733889933333333333393333333993337777738833988888889333399933333333711111111111111111
11111111111111111111177711777711177738933333333333333333399889988888898899998888888933339999993777111111111111111111
11111111111111111111777111111111111117739933333333337339993777777777333399939399998993999888997111111111111111111111
11111111111111177388837711111111111111177333393333333333337777773333333333339999933399999887773771111111111111111111
11117399888888888888877711111111111111111773333333333777777777777377777777773333333399999377777777771111111111111111
11138888888888888888977771111111111111111177733333333333337777333777777777773339939999883777777777737377111111111111
11388888888888888888377777111111111111111111117333333333333333333777777777733399888988937777777777777777771111111111
13888888888888888888977777711111111111111111117779989999333333993777333333333988988888893777777777777777333111111111
78888888888888888888877777111111111111111111111177798888889999999933999999998898888888937777777777777777777777111111
98888888888888888888888973377333337771717111111177777988888888889888898888888888888888377377777777777777771113711111
88888888888888888888888877777733333333337337717711777773993988888888888888899888888889339377777777777777111777111111
88888888888888888888888888877773333373777737773993717777773337388888899999889989988889999777777777777717777111111111
88888888888888888888888888888877773337777777777738893333777773333398883398888889998889977777777777777113771111111111
88888888888888888888888888888888973773777777777777399933333333789339993778888899889377777777773733773888711111111111
88888888888888888888888888888888888837777777711117773333377777733389999993993989337777777733333338888888888371111111
88888888888888888888888888888888888888877777711111177733993733377789999888373333339893777333133333988888888888371111
88888888888888888888888888888888888888888777771111111777393337777799889888988337777777777333733773339888888888883711
88888888888888888888888888888888888888888887777711111777779933777993338893997777777777333333377777933988888888888887
88888888888888888888888888888888888888888888887771117777777333333393398893337777777777333773333778997773888888888888
88888888888888888888888888888888888888888888888837717771117773337739893337777777717779337377777777338377338888888888
88888888888888888888888888888888888888888888888888877711111177733738333737777777777733377333333377773333333888890579